# 10 quest
q 1 900 2000 2
q 11 700 3900 12
q 12 1200 6000 32
q 14 500 12000 24
q 21 600 5000 23
q 61 4000 2300 52
q 31 500 6800 32
q 21 100 7000 54
q 11 2000 3000 66
q 41 600 12000 23
# 10 car
c 1 2
c 64 2
c 101 2
c 2 2
c 5 2
c 12 3
c 13 3
c 23 3
c 22 3
c 40 3
# 10*10 array
u 11 2 3 4 5 6 7 8 9 10
u 1 12 3 4 5 6 7 8 9 10
u 1 2 13 4 5 6 7 8 9 10
u 1 2 3 14 5 6 7 8 9 10
u 1 2 3 4 15 6 7 8 9 10
u 1 2 3 4 5 16 7 8 9 10
u 1 2 3 4 5 6 17 8 9 10
u 1 2 3 4 5 6 7 18 9 10
u 1 2 3 4 5 6 7 8 19 10
u 1 2 3 4 5 6 7 8 9 10
